0 0,0,0
1 0,0,1
2 0,0,2
3 0,0,3
4 0,0,4
5 0,0,5
6 15,2,0
7 17,3,0
8 19,3,0
9 21,5,0
10 23,6,0
11 25,7,0
12 27,8,1
13 29,9,1
14 26,0,0
15 29,5,5
16 32,5,5
17 35,5,5
18 38,5,5
19 41,5,5
20 44,5,5
21 47,5,5
22 50,5,5
23 53,5,5
24 56,5,5
25 59,5,5
26 48,24,9
27 53,26,11
28 55,27,12
29 57,28,13
30 59,29,14
31 61,30,15
32 63,31,16
33 63,31,0
34 63,33,0
35 63,35,0
36 63,37,0
37 63,39,0
38 63,41,0
39 63,40,0
40 63,45,0
41 63,47,0
42 63,49,0
43 63,51,0
44 63,53,0
45 63,63,0
46 63,63,2
47 63,63,4
48 63,63,6
49 63,63,8
50 63,63,10
51 63,63,12
52 63,63,14
53 63,63,14
54 63,63,18
55 63,63,20
56 63,63,22
57 63,63,24
58 63,63,26
59 63,63,28
60 63,63,30
61 61,61,61
62 62,62,62
63 63,63,63
